 0              0             -108404.24      0              506642.79
 0.5            1.946912e-22  -108404.37      0.0005         506896.12
 1              3.2775166e-22 -108404.41      0.001          507149.44
 1.5            4.0269026e-22 -108404.36      0.0015         507402.76
 2              4.6818095e-22 -108404.23      0.002          507656.08
 2.5            5.272381e-22  -108404.01      0.0025         507909.4
 3              5.6377278e-22 -108403.7       0.003          508162.72
 3.5            6.0728754e-22 -108403.3       0.0035         508416.04
 4              7.5059208e-22 -108402.82      0.004          508669.37
 4.5            8.8416741e-22 -108402.25      0.0045         508922.69
 5              9.7467534e-22 -108401.6       0.005          509176.01
 5.5            1.0773527e-21 -108400.85      0.0055         509429.33
 6              1.153019e-21  -108400.02      0.006          509682.65
 6.5            1.2002965e-21 -108399.11      0.0065         509935.97
 7              1.2834437e-21 -108398.11      0.007          510189.29
 7.5            1.3545746e-21 -108397.02      0.0075         510442.62
 8              1.3845112e-21 -108395.85      0.008          510695.94
 8.5            1.4492045e-21 -108394.6       0.0085         510949.26
 9              1.5160419e-21 -108393.26      0.009          511202.58
 9.5            1.5423821e-21 -108391.83      0.0095         511455.9
 10             1.618217e-21  -108390.32      0.01           511709.22
 10.5           1.6717974e-21 -108388.73      0.0105         511962.54
 11             1.7015828e-21 -108387.05      0.011          512215.86
 11.5           1.7641681e-21 -108385.29      0.0115         512469.19
 12             1.8200014e-21 -108383.45      0.012          512722.51
 12.5           1.8544396e-21 -108381.52      0.0125         512975.83
 13             1.9265889e-21 -108379.51      0.013          513229.15
 13.5           1.9738468e-21 -108377.41      0.0135         513482.47
 14             2.0146301e-21 -108375.24      0.014          513735.79
 14.5           2.0813428e-21 -108372.98      0.0145         513989.11
 15             2.1065153e-21 -108370.64      0.015          514242.44
 15.5           2.1568809e-21 -108368.21      0.0155         514495.76
 16             2.2076442e-21 -108365.71      0.016          514749.08
 16.5           2.25198e-21   -108363.12      0.0165         515002.4
 17             2.3110269e-21 -108360.45      0.017          515255.72
 17.5           2.3433672e-21 -108357.7       0.0175         515509.04
 18             2.3770303e-21 -108354.87      0.018          515762.36
 18.5           2.4249863e-21 -108351.96      0.0185         516015.69
 19             2.505911e-21  -108348.97      0.019          516269.01
 19.5           2.520173e-21  -108345.9       0.0195         516522.33
 20             2.5733041e-21 -108342.75      0.02           516775.65
 20.5           2.6272187e-21 -108339.51      0.0205         517028.97
 21             2.6701066e-21 -108336.2       0.021          517282.29
 21.5           2.7000493e-21 -108332.81      0.0215         517535.61
 22             2.7553144e-21 -108329.34      0.022          517788.94
 22.5           2.7878129e-21 -108325.79      0.0225         518042.26
 23             2.8274283e-21 -108322.16      0.023          518295.58
 23.5           2.8915646e-21 -108318.46      0.0235         518548.9
 24             2.9134648e-21 -108314.67      0.024          518802.22
 24.5           2.9798496e-21 -108310.81      0.0245         519055.54
 25             3.0031963e-21 -108306.87      0.025          519308.86
 25.5           3.074583e-21  -108302.85      0.0255         519562.19
 26             3.081359e-21  -108298.75      0.026          519815.51
 26.5           3.1263237e-21 -108294.58      0.0265         520068.83
 27             3.1684196e-21 -108290.32      0.027          520322.15
 27.5           3.2074264e-21 -108286         0.0275         520575.47
 28             3.2620952e-21 -108281.59      0.028          520828.79
 28.5           3.2777545e-21 -108277.11      0.0285         521082.11
 29             3.3530883e-21 -108272.55      0.029          521335.44
 29.5           3.3630228e-21 -108267.92      0.0295         521588.76
 30             3.4069047e-21 -108263.21      0.03           521842.08
 30.5           3.4661378e-21 -108258.42      0.0305         522095.4
 31             3.4653743e-21 -108253.56      0.031          522348.72
 31.5           3.5224439e-21 -108248.62      0.0315         522602.04
 32             3.564668e-21  -108243.61      0.032          522855.36
 32.5           3.6229429e-21 -108238.53      0.0325         523108.68
 33             3.6597659e-21 -108233.36      0.033          523362.01
 33.5           3.7261918e-21 -108228.13      0.0335         523615.33
 34             3.7445337e-21 -108222.82      0.034          523868.65
 34.5           3.7805088e-21 -108217.44      0.0345         524121.97
 35             3.8086832e-21 -108211.98      0.035          524375.29
 35.5           3.8938684e-21 -108206.45      0.0355         524628.61
 36             3.9210958e-21 -108200.84      0.036          524881.93
 36.5           3.9959683e-21 -108195.16      0.0365         525135.26
 37             4.0363017e-21 -108189.41      0.037          525388.58
 37.5           4.0831151e-21 -108183.59      0.0375         525641.9
 38             4.1629885e-21 -108177.69      0.038          525895.22
 38.5           4.1857581e-21 -108171.72      0.0385         526148.54
 39             4.2258102e-21 -108165.68      0.039          526401.86
 39.5           4.2909026e-21 -108159.57      0.0395         526655.18
 40             4.3392946e-21 -108153.38      0.04           526908.51
 40.5           4.3830869e-21 -108147.13      0.0405         527161.83